TREASURE_LONGITUDE=19.945704 E
TREASURE_LATITUDE=50.051227 N
